%YAML:1.0
description: "open mouth"
samples:
   - !!opencv-matrix
      rows: 198
      cols: 1
      dt: d
      data: [ -1.7713795763621295e+01, -1.7052022683546163e+01,
          -1.5935188338691106e+01, -1.4373181175414297e+01,
          -1.2370764510353229e+01, -1.0020588578449347e+01,
          -7.0166832277679170e+00, -3.1100834056920972e+00,
          1.8902201278238793e+00, 6.5110215076242381e+00,
          9.8412002711969482e+00, 1.2350334074175580e+01,
          1.4180337448571377e+01, 1.5420750070706864e+01,
          1.6227060879862826e+01, 1.6715000004750600e+01,
          1.6860956327820123e+01, -1.5085211379002903e+01,
          -1.3297429303333065e+01, -1.0795649172906305e+01,
          -8.0720378608876437e+00, -5.4433682240404044e+00,
          2.3127633396229621e+00, 5.0895970106692223e+00,
          8.0758995828996749e+00, 1.0998422573695663e+01,
          1.3305858364584180e+01, -1.3826973659464508e+00,
          -1.0986633370752772e+00, -7.9616895251602271e-01,
          -4.8092109682566159e-01, -3.0947754519151895e+00,
          -1.7331784493231981e+00, -3.1502674858058782e-01,
          1.2247985591354937e+00, 2.6654445425245745e+00,
          -1.1610748238989871e+01, -9.9333803825942599e+00,
          -7.6984523364255626e+00, -5.8993897745923372e+00,
          -7.7259874971884548e+00, -9.7490611214172933e+00,
          4.1211080074142261e+00, 5.7942836397012449e+00,
          8.1023132912421474e+00, 1.0111024661771294e+01,
          8.3218588052708355e+00, 6.1939604975276952e+00,
          -4.9679922557957852e+00, -4.3411412329331656e+00,
          -2.4586228216601240e+00, 3.7696498708282111e-01,
          3.2731510671526083e+00, 5.5848292055975453e+00,
          6.8428430267275973e+00, 6.2832083612826164e+00,
          4.6215505288398759e+00, 1.3650515952987321e+00,
          -1.9677149860505552e+00, -4.0214999484567384e+00,
          -2.6115853056714706e+00, 5.2249673116672879e-01,
          3.7766539716975616e+00, 4.3118400055683761e+00,
          1.0592244908819377e+00, -2.3541950137838032e+00,
          -5.7112824274385270e+00, -9.0429130590413298e-01,
          3.8423736758137723e+00, 8.3865377210713525e+00,
          1.2682809560556358e+01, 1.6988865828754303e+01,
          2.1084206932113016e+01, 2.4400173523225842e+01,
          2.5248323153582493e+01, 2.3930622345644373e+01,
          2.0525744531974716e+01, 1.6544986151230646e+01,
          1.2284783256537152e+01, 7.6773958883707190e+00,
          2.6013030395539727e+00, -2.6700694443944619e+00,
          -7.9579867100228565e+00, -1.5076395898987723e+01,
          -1.7184288917936890e+01, -1.8331810738557447e+01,
          -1.8562958174194204e+01, -1.8082242582212171e+01,
          -1.9065853754985753e+01, -2.0192265365698709e+01,
          -2.0536835537127985e+01, -1.9756337849424511e+01,
          -1.7786320490831301e+01, -1.2333820886109127e+01,
          -9.4914487201843016e+00, -6.6636355982919540e+00,
          -3.8406861068737506e+00, 4.8744979016353551e-02,
          2.9641836584214132e-01, 2.7183257176865627e-01,
          -5.2056895939054382e-03, -5.4109248881760341e-01,
          -1.0109121021631058e+01, -1.1452197280734193e+01,
          -1.1637206288676190e+01, -1.0768541479595712e+01,
          -9.8983415114263469e+00, -9.5783170312947146e+00,
          -1.1866589022396138e+01, -1.3197915588836363e+01,
          -1.3392890560937163e+01, -1.2448652308105537e+01,
          -1.1523775952779054e+01, -1.1399427873832300e+01,
          9.8882926515799436e+00, 6.8291151886107739e+00,
          4.4350153884491137e+00, 3.8956149664949997e+00,
          3.8790110563622417e+00, 5.8546678976895068e+00,
          8.5895275932443731e+00, 1.2241979954752260e+01,
          1.5493518862056536e+01, 1.6825151937328631e+01,
          1.6139258994214462e+01, 1.3325533940605631e+01,
          6.8908751733064415e+00, 5.7449628549956770e+00,
          6.2363542993722918e+00, 1.2165127100062126e+01,
          1.3894859322537162e+01, 1.2823940453765287e+01,
          2.0518714451806193e+01, 2.0014446349355683e+01,
          1.9672900134456238e+01, 1.8011121177141455e+01,
          1.3577102624702132e+01, 8.2329806179723413e+00,
          3.0440773504545318e+00, -7.9048892829375128e-01,
          -4.3320108627268263e+00, -1.0967534534609138e+00,
          2.8946907569438456e+00, 8.1522525917181223e+00,
          1.3616280119460775e+01, 1.8372351394660829e+01,
          2.0210382385222623e+01, 2.0833848583504210e+01,
          2.1358847729908558e+01, 2.7682204550091222e-01,
          -1.4654513418170523e+00, -2.8859124001654406e+00,
          -4.2945459281708569e+00, -5.6649045266479963e+00,
          -5.3051359711041028e+00, -3.9597861368555836e+00,
          -2.5504526336585194e+00, -1.1568742541913311e+00,
          5.7690143439620301e-01, -5.0317131800785058e+00,
          -7.7444752994768908e+00, -1.0400130457632972e+01,
          -1.2945130950907457e+01, -6.3864377098245217e+00,
          -7.0596216859914049e+00, -7.6875687655710507e+00,
          -7.1539352332914454e+00, -6.5746429595862059e+00,
          -9.5626640395784701e-01, -9.8513994938795468e-01,
          -1.2132156717272662e+00, -1.1463906963388339e+00,
          -1.2670984646939423e+00, -1.1327168496183999e+00,
          -8.6283155572056436e-01, -1.0678796531046566e+00,
          -7.6327082254470136e-01, -6.3194721345977689e-01,
          -8.3316776638231438e-01, -9.7117976671207651e-01,
          -2.4663939912441490e+00, -4.7332627029834091e+00,
          -6.3372143089828246e+00, -8.3417038081060522e+00,
          -6.4736885377064857e+00, -4.8459680725537657e+00,
          -2.4995609924664448e+00, -4.2769519583992111e+00,
          -5.5424573370694628e+00, -6.8793614636600955e+00,
          -5.3629604692270787e+00, -4.1045423168482094e+00,
          -4.4776348305529030e+00, -7.4546938935758886e+00,
          -4.8088952546925672e+00, -4.4165167300946369e+00,
          -5.9317928291286384e+00, -4.0929308291093180e+00 ]
   - !!opencv-matrix
      rows: 198
      cols: 1
      dt: d
      data: [ -1.7398748107355942e+01, -1.6714703327858025e+01,
          -1.5583785107978644e+01, -1.4056105864277132e+01,
          -1.2134892752214652e+01, -9.8517470290975773e+00,
          -6.8909043071907394e+00, -3.0093911714243391e+00,
          1.9342701229413952e+00, 6.5445908027358008e+00,
          9.8010924511259550e+00, 1.2168547439105991e+01,
          1.3809330302244275e+01, 1.4940651941530547e+01,
          1.5738345213394460e+01, 1.6239645945756465e+01,
          1.6371132574575903e+01, -1.4746513501206703e+01,
          -1.3058492638912083e+01, -1.0630443041969158e+01,
          -7.9552460718261475e+00, -5.3665290504301728e+00,
          2.5740717983067962e+00, 5.2870591596232384e+00,
          8.1961152163149720e+00, 1.0995587584523083e+01,
          1.3116856579508259e+01, -1.2751576484002116e+00,
          -1.0546754775336185e+00, -8.1880474370577827e-01,
          -5.7187100350407583e-01, -2.9978455870021619e+00,
          -1.7041532195505988e+00, -3.6881206291294566e-01,
          1.0736329008362657e+00, 2.4450261011890131e+00,
          -1.1413461050094471e+01, -9.7417727560704321e+00,
          -7.4240293747830624e+00, -5.6308365245009417e+00,
          -7.4711770737818624e+00, -9.5507583044521169e+00,
          4.1872737855517475e+00, 5.8326506790752450e+00,
          8.1960867082970523e+00, 1.0154652201492759e+01,
          8.3941255797191392e+00, 6.2416665411263246e+00,
          -4.7712506794312279e+00, -4.3093991804155518e+00,
          -2.5527524206325358e+00, 2.4767000858395019e-01,
          3.1226148969726406e+00, 5.3134263924446135e+00,
          6.3806497296585736e+00, 5.8526152405630834e+00,
          4.3257974916934927e+00, 1.2349857395313353e+00,
          -1.9560613095079586e+00, -3.8855293736947640e+00,
          -2.6144855124493875e+00, 3.9116325453335044e-01,
          3.5350297673227642e+00, 4.0398192959339596e+00,
          9.4629308283531777e-01, -2.3173322034412287e+00,
